0.92	,	130	,	1021.6	,	11.27	,	8.05	,	-0.555555556
0.73	,	330	,	1017	,	20.93	,	16.1	,	21.11111111
0.97	,	193	,	1013.99	,	5.9731	,	14.9086	,	16.6
0.82	,	300	,	1031.59	,	3.22	,	16.1	,	1.6
0.6	,	116	,	1020.88	,	10.8836	,	9.982	,	2.194444444
0.32	,	190	,	1015.33	,	21.4613	,	10.3523	,	27.53888889
0.84	,	170	,	1009.04	,	7.9695	,	11.1251	,	19.97777778
0.86	,	30	,	1009.6	,	14.49	,	15.134	,	11.11111111
0.73	,	351	,	1018.39	,	14.007	,	15.8263	,	8.405555556
0.81	,	320	,	1003.89	,	6.44	,	7.8568	,	1.7
0.88	,	141	,	1021.28	,	14.007	,	6.0214	,	-2.222222222
0.6	,	204	,	1019.52	,	1.4168	,	15.8263	,	21.9
0.87	,	1	,	1015.92	,	11.0285	,	14.9086	,	17.10555556
0.73	,	297	,	1013.06	,	4.0733	,	9.7566	,	17.77222222
0.39	,	35	,	1025.59	,	7.6636	,	9.982	,	24.95
0.92	,	310	,	1024.3	,	3.22	,	3.4615	,	-2.711111111
0.78	,	180	,	1018.76	,	4.83	,	9.982	,	18.88888889
0.82	,	280	,	1009	,	20.3987	,	15.8263	,	4.327777778
0.54	,	349	,	1013.24	,	9.3219	,	16.1	,	23.88888889
0.68	,	350	,	1019.48	,	12.3809	,	9.982	,	-2.222222222
0.78	,	32	,	1022.92	,	23.6831	,	14.168	,	8.972222222
0.35	,	40	,	1018.01	,	11.27	,	16.1	,	21.2
0.83	,	190	,	1014.18	,	1.7549	,	16.1	,	7.761111111
0.58	,	241	,	1013.71	,	26.4684	,	16.1	,	16.03888889
0.4	,	180	,	1011.3	,	15.0213	,	9.982	,	25.99444444
0.7	,	13	,	1012.96	,	12.5097	,	9.982	,	17.80555556
0.92	,	143	,	1036.65	,	9.1126	,	1.0465	,	0.066666667
0.9	,	160	,	1009.98	,	10.7548	,	7.2128	,	12.77777778
0.86	,	192	,	1012.82	,	3.1878	,	6.1985	,	5.994444444
0.9	,	71	,	1008.54	,	11.27	,	6.3595	,	-4.372222222
0.93	,	170	,	1015.81	,	3.22	,	15.7297	,	14.97777778
0.96	,	253	,	1012.53	,	9.66	,	3.0107	,	12.77777778
0.81	,	120	,	1022.6	,	20.0767	,	9.9015	,	12.06111111
0.75	,	20	,	1023.4	,	3.22	,	16.1	,	15
0.38	,	223	,	1006.44	,	19.1429	,	15.5526	,	22.73333333
0.56	,	109	,	1015.94	,	10.2074	,	15.5526	,	12.54444444
0.74	,	221	,	1007.3	,	11.0446	,	11.27	,	20.81111111
0.74	,	290	,	1014.48	,	11.27	,	9.982	,	22.6
0.74	,	358	,	1008.34	,	24.6169	,	9.6278	,	13.66111111
0.29	,	309	,	1017.31	,	17.0821	,	9.982	,	23.91111111
0.96	,	323	,	1032.17	,	7.6958	,	9.982	,	2.572222222
0.73	,	200	,	1014.9	,	9.66	,	11.27	,	21.11111111
0.86	,	311	,	1018.23	,	20.6885	,	5.2164	,	4.983333333
0.65	,	320	,	1016.46	,	20.5275	,	9.982	,	27.10555556
0.83	,	140	,	1002.7	,	14.49	,	16.1	,	7.222222222
0.68	,	1	,	1015.8	,	11.2056	,	11.27	,	25.00555556
0.99	,	315	,	1014.85	,	3.6386	,	6.2951	,	16.13333333
0.84	,	355	,	1027.12	,	3.2361	,	14.168	,	11.38888889
0.78	,	9	,	1017.82	,	9.1287	,	6.2951	,	2.294444444
0.96	,	197	,	992.24	,	26.4523	,	15.0052	,	9.583333333
0.61	,	309	,	1019.96	,	44.6292	,	11.4954	,	9.05
0.87	,	130	,	1011.08	,	10.6904	,	14.812	,	4.977777778
0.95	,	146	,	1030.02	,	1.7388	,	8.5813	,	12.21111111
0.71	,	170	,	1032.8	,	6.44	,	15.134	,	-3.333333333
0.86	,	311	,	1017.52	,	10.3845	,	15.1823	,	17.82222222
0.47	,	267	,	1015.5	,	8.0339	,	10.3523	,	29.82777778
0.78	,	150	,	993.93	,	34.6955	,	9.8693	,	12.78888889
0.51	,	159	,	1006.26	,	14.1197	,	11.2056	,	14.95
0.49	,	312	,	1009.59	,	11.6725	,	11.4471	,	15.83333333
0.72	,	339	,	1017.13	,	21.9443	,	11.4471	,	19.96666667
0.85	,	312	,	1013.39	,	16.744	,	10.2557	,	17.45
0.93	,	181	,	1019.68	,	13.9587	,	12.2521	,	6.694444444
0.86	,	320	,	1009.3	,	16.1	,	11.27	,	10
0.37	,	185	,	1009.93	,	6.6332	,	16.1	,	24
0.91	,	349	,	1019.15	,	7.567	,	11.2056	,	14.00555556
0.37	,	154	,	1010.72	,	9.1448	,	9.982	,	27.61111111
0.6	,	52	,	1017.55	,	8.1305	,	9.982	,	15.06111111
0.66	,	139	,	1012.64	,	3.9606	,	7.4382	,	17.28333333
0.87	,	264	,	1002.38	,	5.4096	,	8.05	,	-2.2
0.7	,	107	,	1018.18	,	7.406	,	10.3684	,	16.18333333
0.64	,	321	,	1019.1	,	7.889	,	9.982	,	15.05
0.65	,	309	,	1009.67	,	34.6311	,	10.0464	,	6.088888889
0.63	,	279	,	1018.97	,	24.6652	,	11.4471	,	8.627777778
0.92	,	0	,	1017.18	,	6.44	,	14.9569	,	18
0.85	,	330	,	1011.16	,	22.0892	,	8.1305	,	18.75
0.59	,	16	,	1017.25	,	3.0912	,	15.1501	,	12.06666667
0.31	,	238	,	1026.32	,	12.075	,	10.3684	,	17.11666667
0.83	,	90	,	1018.8	,	1.61	,	9.982	,	10
0.93	,	207	,	1016.47	,	6.2951	,	8.1305	,	15.62222222
0.48	,	23	,	1022.32	,	20.8495	,	10.3523	,	-2.877777778
1	,	340	,	1002.93	,	12.4292	,	4.8783	,	7.105555556
0.72	,	219	,	1017.96	,	7.728	,	9.982	,	22.57777778
0.39	,	140	,	1012.3	,	11.27	,	9.982	,	27.22222222
0.82	,	334	,	1023.57	,	7.0196	,	5.6833	,	0.1
0.77	,	144	,	1018.87	,	13.9748	,	9.982	,	2.838888889
0.29	,	110	,	1013.7	,	3.22	,	9.982	,	27.22222222
0.87	,	22	,	1021.99	,	3.3166	,	9.982	,	14.82222222
0.77	,	10	,	1016.11	,	32.8118	,	9.982	,	7.316666667
0.93	,	225	,	1012.18	,	3.2844	,	10.0625	,	14.22777778
0.75	,	175	,	1019.07	,	13.7977	,	11.753	,	9.383333333
0.41	,	21	,	1011.92	,	20.2377	,	9.982	,	29.83888889
0.75	,	177	,	1016.09	,	3.1556	,	16.1	,	6.627777778
0.9	,	19	,	1015.08	,	13.7816	,	3.9767	,	6.016666667
0.9	,	19	,	1025.67	,	6.4078	,	7.8729	,	1.738888889
0.87	,	189	,	1017.76	,	10.8997	,	4.8461	,	7.105555556
0.46	,	10	,	1007.18	,	11.4471	,	11.3183	,	19.82777778
0.64	,	8	,	1023.6	,	16.3093	,	9.982	,	15.83333333
0.85	,	136	,	1018.12	,	10.626	,	12.1233	,	17.57222222
0.85	,	87	,	1015.64	,	5.0554	,	15.8263	,	22.55
0.44	,	309	,	1020.52	,	16.3093	,	10.3523	,	29.95
0.9	,	310	,	1015.02	,	17.6939	,	15.134	,	12.71111111
0.88	,	280	,	1013.14	,	0.5152	,	9.982	,	-1.127777778
0.92	,	250	,	1022.2	,	9.66	,	1.932	,	0
1	,	76	,	1018.87	,	1.6422	,	0.5957	,	16.15555556
0.89	,	340	,	1021.5	,	17.71	,	15.134	,	6.666666667
0.71	,	281	,	1008.44	,	13.1537	,	14.3934	,	7.266666667
0.83	,	150	,	1013.5	,	16.1	,	9.982	,	7.777777778
0.8	,	212	,	1030.45	,	16.9372	,	9.6278	,	2.144444444
0.35	,	145	,	1023.39	,	4.4919	,	16.1	,	17.8
1	,	156	,	1008.86	,	4.8139	,	1.9642	,	0.094444444
0.28	,	326	,	1022.44	,	9.6278	,	9.982	,	32.71111111
0.73	,	195	,	1024.59	,	5.2486	,	9.982	,	-0.3
0.29	,	121	,	1015.78	,	12.7995	,	9.982	,	22.72777778
0.63	,	301	,	1010.03	,	11.2056	,	9.982	,	21.08888889
0.34	,	340	,	1019.31	,	12.558	,	16.1	,	23.81666667
0.95	,	256	,	1016.22	,	6.4722	,	5.2164	,	-2.272222222
0.69	,	173	,	1008.43	,	25.0033	,	11.592	,	19.92777778
0.71	,	350	,	1028.07	,	10.5938	,	15.8263	,	-7.938888889
0.99	,	184	,	1013.21	,	1.0626	,	3.6225	,	6.144444444
0.2	,	141	,	1016.78	,	2.7209	,	10.3523	,	35.02222222
0.92	,	204	,	1000.87	,	2.9624	,	1.449	,	1.111111111
0.88	,	348	,	1028.52	,	12.2199	,	8.2593	,	8.777777778
0.86	,	137	,	1012.9	,	10.7387	,	9.7083	,	5.438888889
0.34	,	238	,	1011.2	,	0.4025	,	16.1	,	26.01666667
0.92	,	333	,	1013.72	,	5.3452	,	10.0464	,	18.27222222
0.53	,	351	,	1008.26	,	6.2951	,	11.4471	,	27.23888889
1	,	219	,	1033.92	,	9.4024	,	0.3059	,	-1.077777778
0.96	,	339	,	1023.64	,	3.2039	,	0.1771	,	4.283333333
0.94	,	317	,	1025.11	,	1.2719	,	1.771	,	4.677777778
0.73	,	159	,	1008.8	,	20.5597	,	10.3523	,	9.983333333
0.46	,	60	,	1012.48	,	4.6046	,	9.982	,	24.97222222
0.68	,	319	,	1024.88	,	23.8924	,	8.1949	,	14.72777778
0.82	,	329	,	1015.58	,	12.1877	,	7.9695	,	5.016666667
0.62	,	180	,	1019.53	,	11.1412	,	9.982	,	15.15
0.76	,	44	,	1023.26	,	1.4329	,	11.3988	,	10.70555556
0.8	,	228	,	1019.96	,	8.4203	,	7.2933	,	-4.827777778
0.65	,	331	,	1011	,	4.4758	,	11.27	,	26.15
0.93	,	108	,	1022.69	,	9.3219	,	3.1073	,	-2.755555556
0.69	,	80	,	1032.6	,	11.27	,	11.27	,	-1.111111111
0.78	,	329	,	1017.06	,	13.9909	,	15.8746	,	17.73333333
0.93	,	301	,	1014.12	,	5.0393	,	6.118	,	8.861111111
0.52	,	170	,	1018.4	,	17.71	,	9.982	,	12.22222222
0.92	,	150	,	1010.25	,	15.3433	,	9.7566	,	2.105555556
0.87	,	150	,	1002.94	,	19.9318	,	14.9086	,	10.38888889
0.8	,	181	,	1008.72	,	17.1626	,	14.6832	,	2.266666667
0.89	,	230	,	1017.3	,	3.22	,	16.1	,	2.222222222
0.66	,	9	,	1005.41	,	6.2951	,	14.9569	,	8.194444444
0.72	,	232	,	0	,	14.1036	,	0	,	2.35
0.44	,	40	,	1016.72	,	12.9605	,	9.982	,	16.04444444
0.48	,	289	,	1017.85	,	7.6314	,	11.2056	,	22.17222222
0.37	,	17	,	1015.79	,	9.3541	,	9.982	,	30.09444444
0.86	,	107	,	1019.98	,	14.5544	,	9.9015	,	10.01666667
0.25	,	137	,	1013.18	,	7.1967	,	16.1	,	33.95555556
0.63	,	295	,	1007.15	,	21.9443	,	15.5526	,	14.06111111
0.48	,	129	,	1017.04	,	10.8836	,	15.8263	,	29.86111111
0.61	,	340	,	1013.9	,	17.71	,	11.27	,	18.88888889
0.77	,	276	,	1017.93	,	3.6386	,	9.982	,	8.838888889
0.88	,	112	,	1027.48	,	3.6547	,	5.0876	,	8.744444444
0.31	,	300	,	1031.4	,	9.66	,	9.982	,	13.88888889
0.83	,	309	,	1013.33	,	20.5597	,	9.982	,	3.772222222
0.57	,	24	,	1011.76	,	8.0017	,	11.4471	,	17.55555556
0.88	,	324	,	1023.86	,	3.2683	,	2.1574	,	-1.427777778
0.65	,	11	,	1021.55	,	4.2343	,	10.3523	,	21.51666667
0.83	,	179	,	1026.39	,	3.059	,	4.9105	,	0.327777778
0.77	,	254	,	1026.78	,	9.5634	,	9.982	,	11.07222222
0.38	,	341	,	1020.69	,	15.3272	,	10.2557	,	27.82777778
0.9	,	0	,	1023.21	,	0	,	15.8263	,	16.6
0.84	,	158	,	1016.36	,	3.1556	,	15.8746	,	15.62222222
0.58	,	189	,	1012.91	,	13.2825	,	15.2628	,	26.12777778
0.52	,	320	,	1013.16	,	17.9032	,	10.4006	,	21.14444444
0.33	,	135	,	1016.26	,	7.245	,	9.982	,	28.90555556
0.63	,	10	,	1021.4	,	21.6706	,	9.982	,	17.13333333
0.71	,	301	,	1017.38	,	20.9783	,	11.27	,	12.77777778
0.29	,	352	,	1018.18	,	9.4668	,	10.3523	,	30.63888889
0.93	,	181	,	1020.13	,	9.66	,	8.9999	,	0.588888889
0.81	,	139	,	1028	,	9.2897	,	9.982	,	11.08888889
0.93	,	101	,	1022.49	,	7.5026	,	0.7889	,	11.14444444
0.53	,	10	,	1018.46	,	12.5741	,	9.982	,	22.2
0.31	,	351	,	1018.51	,	12.3487	,	11.27	,	31.93333333
0.92	,	253	,	1018.68	,	7.0518	,	15.8746	,	11.76111111
0.76	,	209	,	1006.87	,	11.3183	,	15.8263	,	8.405555556
0.34	,	150	,	1016	,	8.05	,	9.982	,	27.22222222
0.89	,	330	,	999.5	,	32.2	,	16.1	,	10
0.93	,	48	,	1021	,	3.703	,	7.4543	,	6.083333333
0.95	,	112	,	1013	,	3.3327	,	9.9015	,	10.67222222
0.81	,	150	,	1011.01	,	13.6206	,	15.5204	,	11.18888889
0.52	,	328	,	1011.37	,	19.9157	,	11.27	,	12.87222222
0.73	,	90	,	1020.3	,	3.22	,	15.8263	,	15.32777778
0.6	,	281	,	1024.11	,	20.6885	,	9.982	,	2.222222222
0.46	,	51	,	1027.29	,	4.8783	,	11.27	,	2.172222222
0.96	,	115	,	1028.57	,	10.9641	,	4.3309	,	-1.772222222
1	,	49	,	1011.72	,	4.508	,	3.059	,	9.805555556
0.98	,	171	,	1023.83	,	10.9158	,	4.0089	,	-6.833333333
0.52	,	160	,	1012.1	,	17.71	,	16.1	,	26.66666667
0.6	,	260	,	1013.6	,	0.1449	,	16.1	,	14.95555556
0.4	,	38	,	1014.55	,	12.7351	,	16.1	,	29.00555556
0.77	,	349	,	1015.32	,	3.2844	,	11.0768	,	6.427777778
0.86	,	139	,	1011.62	,	23.3128	,	11.2056	,	7.244444444
1	,	211	,	1008.76	,	5.9731	,	0.161	,	5.427777778
0.85	,	159	,	1023.05	,	12.9444	,	6.6493	,	7.044444444
0.53	,	50	,	1018.19	,	4.508	,	10.3523	,	12.91111111
0.42	,	183	,	1002.83	,	9.6922	,	9.982	,	27.91666667
1	,	150	,	1000	,	1.61	,	2.254	,	7.222222222
0.99	,	275	,	1012.66	,	5.8282	,	13.4757	,	16.51111111
0.3	,	217	,	1009.08	,	11.0768	,	10.0464	,	36.17777778
0.97	,	38	,	1017.26	,	4.3148	,	10.9802	,	17.73333333
0.88	,	159	,	1015.68	,	5.8604	,	14.9569	,	14.7
0.96	,	340	,	1020.45	,	2.4955	,	1.6422	,	3.961111111
0.44	,	171	,	1012.29	,	4.7817	,	11.2056	,	31.13333333
0.65	,	330	,	1005.6	,	37.03	,	11.27	,	7.222222222
0.9	,	140	,	1014.84	,	27.6437	,	9.9015	,	12.85
0.81	,	337	,	1027.63	,	7.9856	,	15.5526	,	8.183333333
0.6	,	325	,	1011.6	,	12.6224	,	14.9569	,	20.99444444
0.77	,	332	,	1013.33	,	7.3738	,	9.9015	,	15.08888889
1	,	260	,	1010.01	,	0.2898	,	0.322	,	7.777777778
0.86	,	30	,	1025.63	,	6.4883	,	4.3309	,	0.994444444
0.5	,	82	,	1011.56	,	1.8032	,	10.3523	,	29.7
0.93	,	325	,	1027.46	,	3.864	,	0.5152	,	4.694444444
0.71	,	180	,	1026.1	,	9.66	,	11.27	,	-2.777777778
1	,	170	,	1014.9	,	6.1502	,	2.5438	,	-1.111111111
0.82	,	270	,	1016.9	,	14.49	,	15.134	,	3.888888889
0.93	,	161	,	994.25	,	30.3002	,	11.6725	,	9.261111111
1	,	0	,	1025.58	,	0	,	2.9302	,	3.911111111
0.81	,	140	,	0	,	11.27	,	8.05	,	17.22222222
0.89	,	350	,	1023.67	,	27.6276	,	9.9015	,	7.177777778
0.5	,	282	,	1021.42	,	20.4148	,	15.8263	,	17.68888889
1	,	319	,	1017.15	,	1.8515	,	0.2898	,	7.155555556
0.99	,	205	,	1012.59	,	2.737	,	3.8962	,	9.983333333
0.96	,	200	,	1022.8	,	20.93	,	0.805	,	-2.222222222
0.93	,	301	,	1003.31	,	36.9173	,	11.27	,	8.844444444
0.48	,	290	,	1019.82	,	9.6117	,	16.1	,	16.13333333
0.77	,	309	,	1013.57	,	10.6743	,	15.8263	,	20.37222222
0.95	,	43	,	1023.04	,	5.6672	,	2.3184	,	13.48888889
0.4	,	10	,	1015.3	,	10.3845	,	11.2056	,	32.73333333
0.78	,	90	,	1028.13	,	7.5509	,	9.982	,	12.66111111
0.29	,	50	,	1024.2	,	3.22	,	9.982	,	27.22222222
0.93	,	283	,	1011.91	,	3.3327	,	15.8263	,	15.00555556
0.41	,	30	,	1022.4	,	8.05	,	9.982	,	6.111111111
0.9	,	263	,	1018.28	,	3.3005	,	15.8263	,	15.99444444
0.38	,	209	,	1017.9	,	4.8783	,	9.982	,	27.65555556
0.74	,	248	,	1009.92	,	11.0124	,	15.8263	,	15.6
0.93	,	200	,	1031.4	,	9.1931	,	1.2558	,	-2.922222222
0.93	,	260	,	999.62	,	6.0053	,	16.0517	,	12.12777778
0.77	,	150	,	1012.83	,	19.7869	,	15.7297	,	6.622222222
0.86	,	33	,	1016.58	,	13.3791	,	14.168	,	15.93888889
0.73	,	116	,	1012.69	,	2.8658	,	9.982	,	17.81111111
0.84	,	148	,	1011.4	,	22.9747	,	14.0875	,	6.661111111
0.59	,	205	,	1006.41	,	8.2593	,	11.4471	,	27.42777778
0.87	,	58	,	1008.74	,	11.1895	,	11.4471	,	12.42777778
0.33	,	14	,	1018.39	,	8.8067	,	16.1	,	25.11666667
0.8	,	202	,	1015.34	,	14.007	,	9.8049	,	7.172222222
0.92	,	259	,	1018.25	,	8.8228	,	1.9964	,	-0.033333333
0.79	,	116	,	1032.7	,	13.0088	,	9.0804	,	6.777777778
0.77	,	282	,	1008.89	,	19.4649	,	11.4471	,	17.88333333
0.6	,	22	,	1032.74	,	19.8352	,	9.982	,	2.311111111
0.7	,	280	,	1014.6	,	11.27	,	16.1	,	16.66666667
0.27	,	192	,	1011.69	,	12.7995	,	10.3684	,	34.77777778
0.54	,	150	,	1016.09	,	4.83	,	16.1	,	11.04444444
0.98	,	238	,	1013.06	,	8.7262	,	6.1985	,	17.33888889
0.44	,	311	,	1010.15	,	28.9317	,	11.3988	,	27.43888889
0.73	,	141	,	1012.09	,	10.7548	,	16.1	,	16.55
0.92	,	150	,	1014.68	,	12.2038	,	4.8461	,	-1.161111111
0.98	,	318	,	1018.69	,	7.1806	,	4.0572	,	-2.761111111
0.86	,	0	,	1018.41	,	0	,	7.8729	,	-0.277777778
0.9	,	29	,	1019.1	,	7.5026	,	10.2235	,	12.76666667
0.23	,	288	,	1020.38	,	18.1286	,	10.3684	,	27.67222222
0.39	,	306	,	1017.03	,	7.9534	,	9.982	,	28.79444444
0.46	,	200	,	1017.4	,	9.66	,	9.982	,	27.77777778
0.89	,	313	,	1018.66	,	10.6904	,	15.8263	,	15.57777778
0.72	,	38	,	1025.25	,	6.5688	,	15.8263	,	7.777777778
0.51	,	351	,	1015.51	,	16.583	,	10.0464	,	28.91666667
0.82	,	107	,	1003.8	,	13.3147	,	9.982	,	3.283333333
0.81	,	139	,	1001.81	,	20.3021	,	9.8693	,	10.87777778
0.95	,	337	,	1015.78	,	3.381	,	4.9105	,	7.4
0.65	,	330	,	1017.1	,	9.66	,	9.982	,	18.88888889
0.93	,	174	,	1024.25	,	7.1001	,	9.9015	,	6.594444444
0.92	,	150	,	1021.7	,	14.49	,	3.059	,	-1.666666667
0.94	,	193	,	1015.01	,	12.236	,	0.3703	,	9.866666667
0.6	,	329	,	1016.34	,	26.4684	,	9.982	,	22.10555556
0.71	,	30	,	1022.31	,	16.9372	,	9.982	,	7.266666667
0.56	,	128	,	1018.03	,	4.669	,	11.2056	,	16.98888889
0.86	,	260	,	1005.83	,	17.388	,	12.0428	,	13.35555556
0.72	,	171	,	997.54	,	25.2126	,	10.3684	,	16.09444444
0.96	,	329	,	1014.48	,	22.7815	,	7.9695	,	7.8
0.82	,	151	,	1009.5	,	16.905	,	15.8263	,	12.22222222
0.25	,	149	,	1013.37	,	15.9551	,	9.982	,	35.11666667
0.47	,	146	,	1011.87	,	15.134	,	10.3523	,	24.75
0.94	,	59	,	1023.97	,	12.8639	,	2.7692	,	10.34444444
0.64	,	242	,	1019.64	,	11.3505	,	15.8263	,	13.91111111
0.53	,	152	,	1017.39	,	26.7582	,	8.7745	,	11.96666667
0.52	,	269	,	1015.87	,	15.2306	,	9.982	,	24.87222222
0.51	,	340	,	1029.9	,	6.44	,	16.1	,	1.111111111
0.88	,	280	,	1021.58	,	11.1251	,	14.9569	,	10.67777778
0.96	,	8	,	1021.74	,	5.796	,	3.7191	,	7.272222222
0.64	,	260	,	1021.95	,	3.22	,	9.982	,	11.31666667
0.84	,	304	,	1006.21	,	34.132	,	11.0768	,	9.75
0.73	,	298	,	1019.96	,	27.5793	,	14.9569	,	5.488888889
0.99	,	203	,	1020.83	,	10.3523	,	5.2325	,	-4.344444444
0.95	,	182	,	1019.59	,	9.499	,	8.4364	,	0.605555556
0.96	,	166	,	1020.59	,	3.0751	,	15.8263	,	5.511111111
0.88	,	10	,	1031.21	,	12.6707	,	6.2951	,	-2.15
0.96	,	320	,	1022.14	,	3.22	,	0.161	,	-1.644444444
0.88	,	141	,	1022.86	,	9.2253	,	9.982	,	7.938888889
0.86	,	160	,	1018.49	,	10.143	,	4.8944	,	4.75
0.85	,	209	,	1013.98	,	11.1251	,	9.9015	,	2.266666667
0.34	,	161	,	1016.46	,	17.1465	,	16.1	,	18.95555556
0.96	,	167	,	1028.43	,	2.9946	,	4.5402	,	1.766666667
0.73	,	300	,	1015.18	,	6.2951	,	9.982	,	5.411111111
0.75	,	259	,	1016.99	,	3.5742	,	15.6975	,	8.288888889
0.92	,	173	,	1011.73	,	6.4883	,	2.6887	,	-2.772222222
0.87	,	140	,	1017.9	,	6.0697	,	14.8764	,	12.96666667
0.38	,	130	,	1023.1	,	8.05	,	9.982	,	23.88888889
0.99	,	1	,	998.5	,	5.9731	,	4.2826	,	-0.022222222
0.96	,	163	,	1016.07	,	3.1234	,	11.3022	,	12.81111111
0.46	,	301	,	1014.04	,	31.4755	,	15.8263	,	22.10555556
0.92	,	21	,	1004.49	,	28.0623	,	8.1305	,	0.533333333
0.72	,	30	,	1007.54	,	13.685	,	15.7297	,	12.26111111
0.89	,	160	,	990.8	,	12.88	,	7.084	,	8.888888889
0.86	,	342	,	1021.34	,	4.2504	,	8.1305	,	4.933333333
1	,	34	,	999.79	,	14.1197	,	7.0357	,	3.794444444
0.82	,	190	,	1011.76	,	23.0713	,	9.982	,	10.02222222
0.64	,	237	,	1011.61	,	15.0535	,	9.982	,	21.07222222
0.78	,	20	,	1020.16	,	9.6117	,	11.6081	,	11.5
0.81	,	339	,	1012.98	,	6.2951	,	16.1	,	17.75555556
0.48	,	279	,	1012.65	,	14.0875	,	10.0464	,	24.83333333
0.83	,	239	,	1018.91	,	10.5938	,	15.1823	,	6.35
0.42	,	144	,	1017.5	,	10.3362	,	15.5526	,	34.59444444
0.61	,	19	,	1034.05	,	4.7012	,	16.1	,	2.566666667
0.63	,	4	,	1013.69	,	7.7763	,	10.0464	,	4.027777778
0.76	,	260	,	1016.6	,	11.27	,	16.1	,	7.222222222
0.81	,	233	,	1004.72	,	9.2253	,	11.27	,	5.116666667
0.93	,	32	,	1007.43	,	15.778	,	7.6958	,	1.038888889
0.38	,	304	,	1012.63	,	12.6224	,	10.3523	,	22.86111111
0.96	,	319	,	1010.69	,	11.3666	,	6.2951	,	17.73333333
0.95	,	358	,	1027.63	,	9.338	,	9.982	,	2.6
0.85	,	190	,	1015.37	,	1.3202	,	9.177	,	13.62222222
0.76	,	210	,	1016.66	,	15.6975	,	9.982	,	2.733333333
0.5	,	229	,	1014.96	,	10.8031	,	11.2056	,	24.95
0.68	,	110	,	1014.51	,	16.0195	,	8.1305	,	20
0.66	,	181	,	1016.69	,	4.6207	,	16.1	,	14.07222222
0.99	,	347	,	1016.4	,	4.4758	,	10.4972	,	4.066666667
0.84	,	350	,	1021.95	,	6.44	,	15.5526	,	22.41111111
0.8	,	181	,	1011.47	,	7.9051	,	8.1305	,	11.16111111
0.6	,	280	,	1007.3	,	20.93	,	16.1	,	8.333333333
0.96	,	75	,	1014.65	,	3.1556	,	14.3773	,	6.788888889
0.86	,	29	,	1001.33	,	13.524	,	11.0768	,	9.894444444
0.83	,	129	,	1029.31	,	9.2897	,	15.7297	,	2.777777778
0.84	,	240	,	1012.82	,	7.3577	,	9.6761	,	-8.838888889
0.85	,	159	,	1011.69	,	3.5259	,	11.753	,	13.2
0.48	,	30	,	1026.03	,	2.9463	,	10.2074	,	18.79444444
0.66	,	300	,	1016.4	,	25.76	,	16.1	,	-0.555555556
0.77	,	18	,	1011.06	,	12.1877	,	10.2557	,	13.91111111
0.47	,	350	,	1014.65	,	7.8407	,	9.982	,	27.10555556
0.46	,	140	,	1011.66	,	9.2575	,	9.982	,	27.76111111
0.86	,	319	,	1026.72	,	8.8711	,	6.0214	,	2.15
0.68	,	310	,	1006.34	,	20.8656	,	11.27	,	24.88333333
0.96	,	160	,	1011.69	,	11.9301	,	6.8103	,	7.338888889
0.88	,	70	,	1004.9	,	25.76	,	2.576	,	-7.777777778
0.7	,	309	,	1022.31	,	33.0855	,	9.982	,	5.066666667
0.5	,	345	,	1009.77	,	11.4632	,	9.982	,	24.65555556
0.85	,	250	,	1014.56	,	3.22	,	9.982	,	16.28333333
0.29	,	101	,	1013.56	,	10.9158	,	9.982	,	22.84444444
0.68	,	313	,	1020.1	,	14.2646	,	10.8997	,	22.49444444
0.76	,	183	,	1021.37	,	9.5312	,	9.982	,	10.20555556
0.85	,	0	,	1024.94	,	9.3702	,	4.3953	,	1.088888889
0.33	,	195	,	1022.16	,	7.889	,	10.3684	,	24.91111111
0.78	,	20	,	1020.22	,	5.3291	,	14.9569	,	16.58888889
0.72	,	100	,	1020.21	,	9.5795	,	8.1305	,	10.95555556
0.81	,	100	,	1005.91	,	10.8997	,	15.8263	,	14.23888889
1	,	79	,	1022.27	,	4.9427	,	3.0107	,	8.911111111
0.47	,	351	,	1013.41	,	19.7064	,	15.8263	,	27.52222222
0.83	,	181	,	1018.77	,	13.8299	,	16.1	,	7.872222222
0.71	,	306	,	1026.13	,	17.2431	,	9.982	,	5.916666667
0.19	,	172	,	1025.88	,	12.1877	,	15.5526	,	18.92777778
0.96	,	184	,	996.43	,	23.989	,	13.9426	,	9.483333333
0.34	,	197	,	1010.63	,	7.9695	,	10.2557	,	30.04444444
0.77	,	162	,	1020.1	,	12.3487	,	9.9981	,	8.738888889
0.83	,	253	,	1015.73	,	3.542	,	14.9569	,	8.761111111
0.49	,	318	,	1015.19	,	13.3952	,	11.3988	,	14.06666667
0.65	,	325	,	1007.42	,	14.3773	,	10.3523	,	19.41666667
0.84	,	164	,	1003.98	,	13.5401	,	14.9569	,	12.71666667
0.93	,	55	,	1013.31	,	3.4454	,	5.4257	,	11.40555556
0.29	,	168	,	1017.59	,	15.5204	,	9.982	,	28.88333333
0.78	,	320	,	1025.36	,	10.8675	,	6.0697	,	-1.827777778
0.8	,	200	,	1013.5	,	11.27	,	15.134	,	8.333333333
0.54	,	152	,	1015.04	,	8.9355	,	10.3523	,	25.96666667
0.74	,	290	,	1007.1	,	12.88	,	9.982	,	-3.888888889
0.39	,	9	,	1020.71	,	11.9462	,	9.982	,	25.02222222
0.62	,	340	,	1018.07	,	10.7226	,	15.8263	,	14.41666667
0.4	,	310	,	1009.49	,	27.5632	,	11.2056	,	27.77777778
0.77	,	30	,	1017.78	,	5.0393	,	9.982	,	12.82222222
0.78	,	149	,	1020	,	33.5041	,	16.0517	,	-1.083333333
0.93	,	354	,	1011.61	,	6.4239	,	14.812	,	18.33333333
0.93	,	190	,	1015.8	,	9.66	,	4.025	,	6.111111111
0.77	,	148	,	1013.95	,	28.9478	,	10.3523	,	7.827777778
0.93	,	292	,	1011.14	,	9.6761	,	4.4919	,	4.95
0.93	,	270	,	1016.24	,	4.7495	,	9.5956	,	10.85
0.52	,	310	,	1016.4	,	11.27	,	11.27	,	3.888888889
0.89	,	188	,	1025.89	,	8.0178	,	6.0053	,	-1.205555556
0.73	,	301	,	1020.57	,	8.0661	,	10.3523	,	2.822222222
0.64	,	252	,	1014.52	,	2.9624	,	9.982	,	17.17777778
0.69	,	254	,	1008.27	,	14.0714	,	11.2056	,	5.05
1	,	198	,	1029.15	,	14.0392	,	1.0626	,	2.138888889
0.76	,	0	,	1030.3	,	11.27	,	4.025	,	-12.77777778
0.65	,	170	,	1019.33	,	17.0016	,	9.982	,	10.05
0.76	,	342	,	1015.92	,	7.7441	,	11.2056	,	10.05
0.37	,	355	,	1025.17	,	9.7888	,	10.3523	,	22.92777778
0.93	,	187	,	1020.48	,	9.2736	,	8.855	,	-0.266666667
0.87	,	150	,	1016.62	,	9.2575	,	11.1251	,	16.10555556
0.96	,	313	,	1011.66	,	3.5259	,	2.2057	,	8.266666667
0.92	,	46	,	1027.32	,	5.1359	,	7.084	,	3.916666667
0.39	,	289	,	1014.78	,	4.2504	,	9.982	,	27.22222222
0.85	,	302	,	1011.14	,	19.159	,	11.0768	,	16.36666667
0.67	,	242	,	1009.52	,	10.5616	,	9.982	,	22.61666667
0.95	,	173	,	1019.5	,	9.5312	,	4.9266	,	0.083333333
0.66	,	69	,	1015.67	,	1.3202	,	10.2235	,	23.73888889
0.9	,	143	,	1023.02	,	6.3917	,	9.1287	,	6.561111111
0.93	,	250	,	1013.02	,	5.5384	,	14.5866	,	19.51111111
0.93	,	41	,	1014.04	,	14.007	,	4.347	,	9.95
0.83	,	150	,	1013.96	,	15.5204	,	9.9015	,	7.85
0.45	,	8	,	1029.6	,	3.1556	,	9.982	,	14.90555556
0.86	,	340	,	1013.76	,	3.22	,	14.8764	,	23.8
1	,	224	,	1018.49	,	3.2683	,	0.9016	,	-3.861111111
0.46	,	189	,	1008.48	,	13.9587	,	15.8263	,	28.37222222
0.9	,	137	,	1021.76	,	9.0804	,	9.3219	,	10.91666667
0.87	,	159	,	1014.59	,	5.5545	,	9.7566	,	7.15
0.73	,	308	,	1017.6	,	13.1376	,	15.1823	,	6.927777778
0.49	,	243	,	1009.63	,	20.7046	,	10.4006	,	24.8
0.61	,	120	,	1013.13	,	10.3362	,	16.1	,	19.65
0.84	,	41	,	1023.03	,	4.2665	,	9.982	,	7.683333333
0.88	,	151	,	1010.89	,	13.8782	,	9.982	,	8.388888889
0.83	,	329	,	1019.24	,	13.8621	,	16.0517	,	15
0.38	,	244	,	1010.17	,	17.4524	,	11.27	,	21.06111111
0.96	,	18	,	1014.9	,	12.397	,	4.5241	,	0.027777778
0.89	,	348	,	1021.95	,	14.2646	,	11.27	,	7.711111111
0.24	,	120	,	1013.8	,	8.05	,	9.982	,	23.88888889
0.77	,	280	,	1023.56	,	6.0053	,	15.8263	,	9.933333333
0.63	,	40	,	1016	,	3.22	,	16.1	,	9.444444444
0.85	,	160	,	1019.64	,	12.1877	,	6.0375	,	4.294444444
0.34	,	137	,	1011.43	,	10.2557	,	10.5777	,	30.11111111
0.94	,	300	,	1018.33	,	8.1949	,	11.0446	,	13.67777778
0.32	,	20	,	1013.9	,	24.9389	,	10.3523	,	10.92222222
0.72	,	149	,	1022.4	,	23.2967	,	9.982	,	8.822222222
0.56	,	152	,	1015.43	,	4.7817	,	10.3523	,	27.16666667
0.9	,	252	,	1010.59	,	6.2951	,	16.1	,	17.03888889
0.5	,	99	,	998.87	,	15.3111	,	11.3988	,	20.92777778
0.83	,	295	,	1014.39	,	3.1878	,	15.8263	,	12.15555556
0.37	,	6	,	1015.19	,	10.0464	,	10.0464	,	32.02777778
0.54	,	223	,	1031.05	,	0.6762	,	7.2128	,	21.08888889
0.39	,	3	,	1024.93	,	13.524	,	9.982	,	16.08333333
0.93	,	163	,	1037.43	,	2.4311	,	2.7853	,	-4.994444444
0.92	,	234	,	1010.32	,	10.9319	,	9.982	,	5.072222222
0.9	,	282	,	1010.67	,	18.998	,	9.982	,	18.91111111
0.77	,	151	,	1018.43	,	10.4328	,	8.7262	,	7.994444444
0.91	,	170	,	1025.9	,	3.22	,	3.8801	,	-11.16111111
0.96	,	150	,	1018	,	12.88	,	3.059	,	7.777777778
0.29	,	229	,	1011.81	,	11.3183	,	9.982	,	31.06111111
0.49	,	214	,	1011.2	,	8.8711	,	10.3523	,	25.00555556
0.8	,	136	,	1020.32	,	11.4793	,	9.9015	,	2.077777778
0.83	,	149	,	1019.76	,	10.6904	,	9.7566	,	3.75
0.44	,	130	,	1024.5	,	24.15	,	9.982	,	16.11111111
0.88	,	350	,	1027.72	,	3.22	,	9.982	,	5.094444444
0.93	,	260	,	1014.7	,	3.22	,	16.1	,	13.88888889
0.4	,	215	,	1009.2	,	10.6099	,	15.3111	,	28.33888889
0.86	,	221	,	1023.47	,	2.7853	,	15.8263	,	7.25
0.85	,	170	,	1032.1	,	4.7012	,	4.4275	,	-0.022222222
0.76	,	352	,	1017.41	,	5.2003	,	10.3523	,	21.51111111
0.29	,	289	,	1014.77	,	16.1644	,	15.5526	,	22.34444444
0.92	,	309	,	1009.56	,	9.6117	,	3.5259	,	1.088888889
0.99	,	138	,	1019.83	,	4.9266	,	0.5474	,	7.461111111
0.85	,	0	,	1017.5	,	14.49	,	6.118	,	-0.555555556
0.91	,	150	,	1013.57	,	5.1198	,	4.7173	,	-11.80555556
0.96	,	154	,	1027.86	,	2.7209	,	0.7406	,	-7.122222222
0.86	,	261	,	1018.03	,	3.5742	,	16.1	,	6.633333333
0.69	,	50	,	1014.18	,	13.524	,	15.8263	,	22.61111111
0.92	,	193	,	1027.64	,	3.0268	,	4.0733	,	-1.222222222
0.74	,	160	,	1008.47	,	24.6008	,	11.1251	,	18.81666667
0.35	,	315	,	1017.02	,	13.1698	,	10.3684	,	27.82777778
0.33	,	328	,	1015.69	,	7.3577	,	10.3523	,	32.22222222
0.46	,	181	,	1009.95	,	12.4936	,	11.27	,	27.77777778
0.93	,	210	,	1024.7	,	11.27	,	2.576	,	6.111111111
0.79	,	252	,	994.75	,	23.7475	,	9.982	,	6.016666667
0.7	,	280	,	1008.55	,	7.3255	,	11.3988	,	19.33888889
0.7	,	17	,	1021.08	,	2.0769	,	9.982	,	13.52777778
0.89	,	265	,	1026.25	,	2.7853	,	10.4811	,	7.644444444
0.76	,	287	,	1019.71	,	10.4006	,	9.982	,	11.23333333
0.38	,	6	,	1009.27	,	2.254	,	16.1	,	13.86111111
0.69	,	338	,	1016.36	,	9.5312	,	15.3111	,	18.77777778
0.59	,	210	,	1013.23	,	2.4472	,	9.982	,	28.67777778
0.58	,	254	,	1024.57	,	9.8371	,	15.5526	,	7.044444444
0.83	,	191	,	995.3	,	28.4326	,	11.27	,	13.68888889
0.85	,	0	,	1032.96	,	0	,	5.957	,	-3.916666667
0.89	,	320	,	1040.87	,	6.44	,	1.8676	,	-4.977777778
0.84	,	200	,	1041.4	,	8.05	,	3.059	,	-5
0.94	,	183	,	1020.01	,	9.6439	,	10.0142	,	0.616666667
0.93	,	33	,	1007.8	,	13.0571	,	4.2826	,	1.144444444
0.78	,	170	,	1013.73	,	14.168	,	8.4203	,	5.405555556
0.92	,	244	,	1016.88	,	7.9856	,	3.22	,	9.044444444
0.86	,	158	,	1013.73	,	3.4132	,	15.8263	,	15.13888889
0.98	,	160	,	1025.74	,	5.2808	,	4.2665	,	4.988888889
0.68	,	30	,	1020.05	,	9.2253	,	16.1	,	11.91111111
0.35	,	224	,	1013.02	,	15.0535	,	10.3523	,	26.00555556
0.69	,	144	,	1012.47	,	9.5956	,	11.27	,	17.87222222
0.66	,	20	,	0	,	24.0051	,	9.982	,	11.16111111
0.9	,	181	,	1010.64	,	5.474	,	14.9569	,	17.35
0.36	,	201	,	1009.66	,	21.6062	,	16.1	,	23.93333333
0.55	,	350	,	1019.99	,	2.093	,	9.982	,	24.84444444
0.32	,	202	,	1013.14	,	7.728	,	10.3523	,	32.63888889
0.94	,	82	,	1011.84	,	3.542	,	11.6081	,	17.73333333
0.72	,	280	,	1013.98	,	3.703	,	15.2628	,	10.85
0.87	,	128	,	1019.49	,	15.9873	,	8.4203	,	10.51666667
0.93	,	299	,	1021.44	,	3.4293	,	15.8263	,	7.288888889
0.48	,	65	,	0	,	8.6457	,	11.27	,	23.88888889
0.57	,	120	,	1021.42	,	4.6368	,	15.8263	,	21.03888889
0.74	,	164	,	1005.81	,	5.7155	,	14.7315	,	6.15
0.83	,	139	,	1022.89	,	9.4507	,	10.2557	,	7.822222222
0.9	,	341	,	1016.12	,	3.2039	,	16.1	,	18.79444444
0.67	,	255	,	1018.8	,	12.6868	,	11.0285	,	18.76666667
0.35	,	306	,	1005.45	,	24.5203	,	10.3684	,	22.74444444
0.64	,	219	,	1023.6	,	3.9606	,	9.982	,	19.84444444
0.71	,	82	,	1020.99	,	9.9659	,	14.9569	,	18.78888889
0.53	,	292	,	1009.51	,	19.9479	,	15.3111	,	27.61111111
0.65	,	240	,	1011.79	,	14.0231	,	15.8263	,	9.466666667
0.73	,	319	,	0	,	11.3988	,	11.27	,	12.3
0.69	,	183	,	1028.6	,	9.338	,	4.2987	,	6.227777778
0.54	,	180	,	1013.26	,	12.8478	,	9.982	,	26.12777778
0.73	,	359	,	1018.71	,	15.778	,	16.1	,	12.65
0.36	,	294	,	1014.95	,	20.7046	,	15.5526	,	28.85
0.95	,	270	,	1012.76	,	11.0929	,	9.982	,	15.13333333
0.37	,	159	,	1021.49	,	18.7565	,	10.3523	,	12.29444444
0.44	,	120	,	1026.75	,	12.5258	,	16.1	,	12.84444444
0.96	,	110	,	1019.9	,	3.22	,	8.05	,	9.444444444
0.86	,	20	,	1013.36	,	16.8245	,	7.2128	,	5.383333333
0.91	,	359	,	1018.51	,	13.5723	,	5.2164	,	0.166666667
0.81	,	309	,	1022.02	,	8.1788	,	9.982	,	-4.905555556
0.7	,	140	,	1014.46	,	12.8317	,	10.0464	,	8.977777778
0.92	,	312	,	1019.78	,	9.3702	,	4.8139	,	17.32222222
0.93	,	180	,	1036.08	,	15.6653	,	3.4454	,	4.955555556
0.61	,	39	,	1016.16	,	5.8765	,	15.5204	,	20.43888889
0.69	,	141	,	976.61	,	43.0353	,	9.982	,	7.777777778
0.52	,	206	,	1017.69	,	7.5348	,	11.2056	,	22.26666667
0.8	,	311	,	1010.24	,	36.2411	,	11.4471	,	2.138888889
0.28	,	189	,	1006.47	,	12.9444	,	16.1	,	35
0.83	,	47	,	1007.62	,	2.8336	,	6.5205	,	9.083333333
0.61	,	12	,	1023.09	,	14.329	,	9.982	,	23.84444444
0.89	,	0	,	1009.8	,	0	,	4.025	,	8.888888889
0.86	,	319	,	1017.15	,	6.5205	,	13.3791	,	7.627777778
0.95	,	10	,	1038.05	,	7.5348	,	0.5796	,	-1.738888889
0.35	,	310	,	1016.19	,	11.4149	,	16.1	,	32.25
0.55	,	160	,	1020.71	,	20.4631	,	10.2074	,	8.911111111
0.61	,	91	,	1014.29	,	7.8085	,	16.1	,	24.16666667
0.93	,	113	,	1035.4	,	9.3863	,	3.5098	,	3.838888889
0.67	,	133	,	1016.96	,	3.6708	,	9.982	,	21.29444444
0.43	,	155	,	1019.15	,	4.8783	,	10.3684	,	20.08888889
0.89	,	216	,	1018.51	,	3.0912	,	5.9731	,	2.05
0.53	,	21	,	1017.02	,	13.685	,	14.9569	,	18.79444444
0.93	,	291	,	1022.25	,	11.0768	,	9.982	,	11.06666667
0.32	,	64	,	1007.72	,	6.2307	,	11.4471	,	22.65555556
0.93	,	275	,	1025.7	,	1.8032	,	1.8515	,	6.138888889
0.75	,	321	,	1015.7	,	11.3988	,	16.1	,	16.01111111
0.88	,	20	,	1018.2	,	14.49	,	11.27	,	-1.111111111
0.73	,	131	,	1013.55	,	10.8353	,	9.982	,	22.80555556
0.72	,	100	,	1015.54	,	3.5903	,	15.8263	,	14.86111111
0.91	,	220	,	1015.9	,	12.2682	,	8.4203	,	14.81666667
0.89	,	150	,	1012	,	11.27	,	9.982	,	2.777777778
0.86	,	200	,	1027.73	,	2.7853	,	14.0875	,	-3.338888889
0.71	,	140	,	0	,	14.49	,	9.982	,	11.11111111
0.53	,	160	,	1016.69	,	13.7011	,	14.9569	,	13.33888889
0.62	,	309	,	1020.12	,	9.5473	,	16.1	,	16.06666667
0.93	,	0	,	1014.51	,	0	,	7.084	,	19.42222222
0.73	,	28	,	1022.41	,	16.9694	,	9.982	,	12.03888889
0.58	,	9	,	1014.43	,	12.5258	,	9.982	,	24.92777778
0.85	,	79	,	1007.22	,	7.7924	,	15.6009	,	15.33888889
0.74	,	261	,	1014.21	,	20.5436	,	14.3612	,	7.016666667
0.56	,	147	,	1025.72	,	13.3147	,	11.4471	,	16.07777778
1	,	350	,	988.7	,	29.8816	,	3.8801	,	1.972222222
0.4	,	310	,	1024.86	,	15.9712	,	16.1	,	19.87777778
0.93	,	200	,	1015.6	,	11.27	,	3.059	,	6.666666667
0.88	,	291	,	1038.76	,	6.279	,	4.4275	,	-3.844444444
0.58	,	180	,	1009.5	,	4.83	,	11.27	,	23.88888889
0.88	,	5	,	1013.41	,	4.7817	,	5.2164	,	-6.111111111
0.99	,	169	,	1011.21	,	10.0625	,	9.7888	,	11.32777778
0.51	,	289	,	1015.18	,	14.1358	,	16.1	,	14.85555556
0.85	,	188	,	1010.65	,	6.0375	,	15.8263	,	18.79444444
0.77	,	162	,	1019.33	,	11.4149	,	14.329	,	10.60555556
0.99	,	26	,	1009.99	,	0.8855	,	3.4615	,	12.32222222
0.43	,	36	,	1016.24	,	9.0965	,	11.2056	,	22.17777778
0.92	,	154	,	1029.51	,	11.6242	,	3.1395	,	2.272222222
0.74	,	291	,	1010.92	,	20.4309	,	9.982	,	1.122222222
0.79	,	190	,	1012.2	,	12.88	,	9.982	,	2.222222222
0.78	,	330	,	1024.17	,	6.44	,	14.9086	,	10.46111111
0.87	,	224	,	1016.64	,	5.2808	,	14.9569	,	14.83888889
0.82	,	200	,	1017.47	,	20.3987	,	14.9086	,	7.961111111
1	,	235	,	1022.81	,	4.9588	,	2.9785	,	-1.344444444
0.96	,	339	,	1005.14	,	28.1267	,	4.4436	,	7.688888889
0.92	,	229	,	1019.78	,	10.948	,	6.118	,	-1.155555556
0.51	,	309	,	1016.43	,	17.066	,	9.982	,	22.71111111
0.71	,	160	,	1022.97	,	15.134	,	9.8532	,	3.75
0.86	,	138	,	1010.69	,	16.7923	,	9.7566	,	6.016666667
0.72	,	300	,	1019.1	,	22.3468	,	9.982	,	14.95555556
0.72	,	353	,	1029.89	,	9.1287	,	8.1949	,	-2.827777778
0.92	,	71	,	1009.53	,	13.1859	,	6.5366	,	-1.05
0.76	,	224	,	999.63	,	19.1268	,	15.1823	,	14.32222222
0.92	,	18	,	1024.79	,	15.8907	,	4.1216	,	2.222222222
0.55	,	214	,	1009.38	,	12.4936	,	9.982	,	11.31666667
0.93	,	139	,	1007.57	,	10.5616	,	14.9086	,	10.46111111
0.53	,	274	,	1019.52	,	10.6743	,	11.27	,	1.061111111
0.67	,	345	,	1018.29	,	15.9229	,	15.3111	,	12.91111111
0.45	,	133	,	1023.07	,	8.0822	,	11.914	,	19.62222222
0.82	,	108	,	1030.28	,	9.0965	,	9.4829	,	-11.1
0.73	,	163	,	1019.62	,	9.016	,	9.982	,	12.32777778
0.82	,	311	,	1009.89	,	33.81	,	9.2897	,	2.072222222
0.64	,	181	,	1002.97	,	26.5167	,	9.982	,	12.71666667
0.74	,	9	,	1033.21	,	9.8854	,	15.5526	,	1.455555556
0.7	,	137	,	1030	,	3.6869	,	9.9015	,	-7.822222222
0.38	,	10	,	1022.4	,	11.27	,	9.982	,	22.22222222
0.74	,	107	,	1022.49	,	4.7656	,	9.982	,	12.22222222
0.87	,	282	,	1013.84	,	6.6332	,	16.1	,	16.17777778
0.92	,	230	,	1029.3	,	3.22	,	1.3685	,	2.85
0.89	,	27	,	1010.72	,	5.6672	,	9.982	,	12.08888889
0.96	,	210	,	1035.71	,	14.2646	,	0.322	,	0
0.87	,	271	,	1014.43	,	19.9157	,	9.5956	,	17.22222222
0.82	,	194	,	1019.38	,	13.7172	,	8.4525	,	4.583333333
0.97	,	119	,	998.09	,	12.1072	,	10.9158	,	17.66111111
0.96	,	293	,	1011.19	,	17.066	,	3.5581	,	7.661111111
0.23	,	31	,	1024.85	,	14.0875	,	15.8263	,	16.82222222
0.75	,	309	,	1007.37	,	7.1162	,	15.8746	,	7.244444444
0.72	,	290	,	1025.94	,	20.5436	,	15.8263	,	-0.533333333
0.92	,	192	,	1026.3	,	9.3541	,	16.1	,	8.944444444
1	,	137	,	1007.89	,	9.5312	,	1.6261	,	9.011111111
0.31	,	105	,	1006.6	,	5.1359	,	15.8263	,	29.92777778
0.92	,	18	,	1007	,	12.558	,	0.3542	,	1.066666667
0.7	,	113	,	1006.68	,	11.3827	,	15.7297	,	19.83888889
0.82	,	311	,	1009.24	,	22.0248	,	9.982	,	8.888888889
0.35	,	149	,	1016.55	,	4.9105	,	9.982	,	22.28888889
0.32	,	150	,	1015.97	,	27.9013	,	9.982	,	31.11111111
0.77	,	176	,	1017.15	,	5.2003	,	15.1823	,	20.35
0.83	,	299	,	1021.41	,	9.8371	,	9.982	,	13.85
0.99	,	201	,	1007.57	,	8.5169	,	14.4095	,	15.05
0.99	,	87	,	1016.19	,	2.9624	,	14.9569	,	12.72222222
0.47	,	80	,	1019.33	,	13.5079	,	10.3523	,	14.80555556
0.91	,	291	,	1018.87	,	10.5455	,	5.2164	,	4.1
0.78	,	136	,	1014.31	,	10.7065	,	15.8263	,	10.36666667
0.9	,	70	,	1026.41	,	10.9963	,	5.3452	,	3.533333333
0.58	,	31	,	0	,	9.4829	,	11.27	,	16.06111111
0.65	,	0	,	1028.21	,	0	,	9.982	,	12.71111111
0.6	,	273	,	1014.88	,	12.7834	,	11.27	,	14.92777778
0.69	,	160	,	1008.92	,	25.76	,	15.1501	,	15.08888889
0.57	,	179	,	1006.18	,	17.0016	,	11.2056	,	27.08333333
0.89	,	157	,	1023.16	,	8.8711	,	9.982	,	7.666666667
0.93	,	161	,	1019.9	,	2.4955	,	12.0428	,	18.28333333
0.26	,	356	,	1017.91	,	2.5277	,	9.982	,	19.05
0.83	,	0	,	1025.27	,	0	,	15.8263	,	2.044444444
0.8	,	150	,	1018.84	,	9.0643	,	10.0947	,	6.85
0.77	,	324	,	1019.92	,	8.5652	,	11.0768	,	13.85
0.9	,	347	,	1013.56	,	3.381	,	9.982	,	16.59444444
0.87	,	0	,	1014.92	,	0	,	16.1	,	20.99444444
0.95	,	223	,	1007.9	,	5.957	,	10.2235	,	0.216666667
0.44	,	330	,	1019.32	,	11.0607	,	15.8263	,	19.21666667
0.9	,	10	,	1020.91	,	11.0768	,	11.2056	,	12.75555556
0.88	,	293	,	1014.2	,	17.6295	,	11.6886	,	7.844444444
0.78	,	357	,	1014.35	,	10.8514	,	15.8263	,	18.36111111
0.73	,	358	,	1020.61	,	16.1322	,	11.27	,	14.91666667
0.47	,	253	,	1006.98	,	10.0786	,	11.4471	,	25.69444444
0.63	,	160	,	1023.03	,	6.44	,	15.8263	,	10.97222222
0.85	,	191	,	1023.95	,	15.3272	,	3.864	,	2.527777778
0.76	,	10	,	1029.55	,	14.1036	,	16.1	,	6.688888889
0.93	,	340	,	1022.24	,	3.22	,	6.118	,	11.36666667
0.93	,	0	,	1016.41	,	0	,	4.2987	,	11.07222222
0.61	,	290	,	1017.3	,	28.98	,	11.27	,	10
0.57	,	160	,	1011.95	,	15.6653	,	10.2074	,	21.17777778
0.86	,	256	,	1004.79	,	6.44	,	14.9569	,	7.311111111
0.84	,	189	,	1024.01	,	3.5098	,	9.8371	,	-2.816666667
0.76	,	212	,	1032.72	,	10.4972	,	10.1591	,	-1.183333333
0.72	,	10	,	1017.3	,	25.76	,	16.1	,	0
0.28	,	357	,	1012.1	,	9.1287	,	9.982	,	29.90555556
1	,	102	,	1019.31	,	7.889	,	2.9624	,	-1.227777778
0.55	,	281	,	1022.3	,	24.6169	,	15.8263	,	8.816666667
0.31	,	139	,	1025.3	,	5.1037	,	10.3523	,	17.26111111
0.83	,	150	,	1018.87	,	12.9605	,	14.8442	,	6.466666667
0.93	,	5	,	1010.38	,	10.948	,	3.5742	,	6.066666667
0.93	,	65	,	998.07	,	14.2968	,	8.3398	,	5.105555556
0.6	,	171	,	1013.08	,	12.8478	,	10.0464	,	10.08888889
0.76	,	150	,	1020.81	,	14.0231	,	15.8263	,	5.577777778
0.6	,	291	,	1013.26	,	11.4149	,	11.2056	,	17.77777778
0.61	,	309	,	994.86	,	18.3218	,	11.2056	,	3.911111111
0.86	,	40	,	1006.18	,	16.5347	,	11.27	,	11.06111111
0.27	,	337	,	1014	,	9.0804	,	10.3523	,	27.56666667
0.85	,	40	,	1025.55	,	11.1251	,	16.1	,	0.511111111
0.93	,	73	,	1023.91	,	3.542	,	1.9642	,	0.883333333
0.26	,	150	,	1017	,	33.81	,	9.982	,	21.11111111
0.55	,	285	,	1019.13	,	13.846	,	11.3988	,	13.00555556
0.6	,	290	,	1016.4	,	6.44	,	16.1	,	14.44444444
0.86	,	342	,	1018.68	,	5.1037	,	10.5455	,	18.76111111
0.55	,	350	,	1017.7	,	11.27	,	16.1	,	21.11111111
0.55	,	329	,	1009.95	,	9.7405	,	9.982	,	22.24444444
0.63	,	170	,	1018.83	,	4.7817	,	9.982	,	21.13888889
0.39	,	261	,	1015.7	,	12.9444	,	9.982	,	22.11111111
0.92	,	330	,	1006.78	,	34.4218	,	6.2951	,	10.46666667
0.81	,	332	,	1015.72	,	12.7029	,	11.27	,	21.16111111
0.81	,	329	,	1005.24	,	19.7225	,	14.7798	,	1.527777778
0.96	,	45	,	1025.7	,	2.9785	,	0.3381	,	5.577777778
0.89	,	341	,	1019.27	,	12.5258	,	8.05	,	8.816666667
0.61	,	8	,	1011.29	,	9.6439	,	15.3111	,	22.67777778
0.28	,	330	,	1017.36	,	12.6546	,	9.982	,	13.95555556
0.96	,	338	,	1017.23	,	3.1878	,	0.322	,	1.083333333
0.79	,	41	,	1015.96	,	13.6689	,	15.8263	,	22.15
0.47	,	260	,	1014.2	,	7.9695	,	16.1	,	26.11111111
0.39	,	48	,	1016.93	,	8.9516	,	9.982	,	22.2
0.71	,	130	,	1022.66	,	23.4899	,	9.982	,	11.16111111
0.83	,	29	,	1027.63	,	5.9892	,	15.8263	,	7.066666667
0.68	,	320	,	1026.87	,	11.0446	,	15.8263	,	1.994444444
0.89	,	259	,	1031.57	,	6.4078	,	2.5438	,	-0.694444444
0.65	,	299	,	1025.61	,	21.6545	,	9.982	,	7.244444444
0.77	,	140	,	1018.41	,	21.6706	,	10.0464	,	9.927777778
0.87	,	0	,	1019.09	,	0	,	15.8263	,	16.67222222
0.83	,	160	,	1012.54	,	27.0158	,	15.6492	,	3.772222222
0.83	,	310	,	994.3	,	22.54	,	11.27	,	7.777777778
0.77	,	270	,	1023.23	,	17.71	,	14.9086	,	6.05
0.95	,	282	,	1016.26	,	6.762	,	15.8263	,	12.76111111
0.47	,	61	,	1020.55	,	13.0893	,	15.1501	,	17.65555556
0.7	,	310	,	1013.58	,	21.735	,	9.982	,	2.711111111
0.75	,	331	,	1014.76	,	7.6958	,	16.1	,	12.13888889
0.47	,	61	,	1016.67	,	7.0357	,	15.5526	,	17.87222222
0.89	,	38	,	997.72	,	14.2485	,	1.1109	,	-6.094444444
0.93	,	9	,	1015.27	,	12.0911	,	6.3434	,	2.022222222
0.92	,	8	,	1010.32	,	20.6724	,	3.3649	,	-3.75
0.89	,	30	,	1008.52	,	20.6241	,	6.1985	,	2.738888889
0.58	,	160	,	1002	,	11.27	,	11.27	,	16.11111111
0.37	,	10	,	1025.23	,	27.4988	,	16.1	,	19.88333333
0.79	,	160	,	1015.41	,	14.0231	,	15.8263	,	10.62222222
0.81	,	159	,	1026.96	,	7.5831	,	11.1251	,	0.166666667
0.93	,	206	,	1014.95	,	3.2522	,	14.168	,	16.83888889
0.93	,	76	,	1012.97	,	7.6958	,	5.957	,	12.35555556
0.92	,	29	,	1007.61	,	4.6529	,	9.982	,	18.93333333
0.9	,	78	,	1019.67	,	3.0429	,	8.1788	,	6.572222222
0.41	,	310	,	1015.7	,	22.54	,	9.982	,	21.11111111
0.9	,	333	,	1026.51	,	4.8622	,	7.245	,	2.25
0.76	,	330	,	1026.02	,	3.22	,	8.1305	,	-1.783333333
0.77	,	217	,	1019.04	,	7.0196	,	11.0768	,	7.694444444
0.99	,	250	,	1011.96	,	4.6046	,	6.1985	,	9.922222222
0.57	,	140	,	1017.9	,	6.3112	,	15.8263	,	22.15555556
0.73	,	11	,	1027.38	,	10.6421	,	15.8263	,	-8.772222222
0.72	,	301	,	1015.87	,	16.9211	,	15.8263	,	14.32777778
0.39	,	308	,	1028.33	,	14.5383	,	10.3523	,	11
0.72	,	290	,	1016.6	,	16.1	,	9.982	,	15
0.46	,	22	,	1009.91	,	3.1395	,	9.982	,	25.87777778
0.94	,	99	,	1000.13	,	14.5222	,	9.3702	,	17.06111111
0.63	,	160	,	1019.25	,	23.4899	,	8.9355	,	10.88888889
0.96	,	270	,	1017.19	,	10.8031	,	6.2951	,	10.02777778
0.91	,	306	,	1014.71	,	6.0858	,	15.3111	,	14.31111111
0.95	,	334	,	1008.61	,	11.3505	,	14.7154	,	7.916666667
0.96	,	192	,	1007.54	,	5.4418	,	8.1466	,	2.783333333
1	,	280	,	1020.7	,	1.61	,	0.161	,	1.111111111
0.81	,	159	,	1013.01	,	13.8138	,	14.49	,	8.216666667
0.58	,	145	,	1013.91	,	10.948	,	10.3523	,	22.73888889
1	,	330	,	1013.8	,	12.88	,	3.542	,	0
1	,	51	,	1024.69	,	9.4829	,	2.576	,	9.955555556
0.61	,	160	,	1016.16	,	11.27	,	9.982	,	31.16111111
0.66	,	20	,	1026.1	,	26.4362	,	15.1823	,	3.388888889
0.95	,	250	,	1011.78	,	14.49	,	9.982	,	12.7
0.55	,	339	,	1023.36	,	21.091	,	11.2056	,	16.13333333
0.89	,	161	,	0	,	11.0446	,	7.084	,	7.827777778
0.92	,	259	,	1004	,	9.821	,	8.6457	,	9.622222222
0.79	,	230	,	1013.46	,	17.0982	,	11.27	,	7.311111111
0.84	,	130	,	1015.18	,	3.22	,	9.982	,	18.82222222
0.85	,	3	,	1022.53	,	9.8371	,	4.9588	,	-2.261111111
0.74	,	0	,	1013.3	,	3.22	,	9.982	,	23.91666667
0.77	,	247	,	1011.87	,	17.8549	,	9.982	,	3.294444444
0.81	,	9	,	1015.23	,	0.4347	,	8.4203	,	10.63888889
0.48	,	48	,	1020.53	,	13.8782	,	11.2056	,	27.84444444
0.24	,	120	,	1010.57	,	13.6689	,	9.982	,	29.97222222
0.82	,	140	,	1011.87	,	10.8675	,	9.9015	,	16.57222222
0.84	,	162	,	1020.19	,	10.1913	,	11.753	,	13.40555556
0.94	,	108	,	1010.59	,	7.4704	,	4.3953	,	12.15
0.93	,	10	,	1017.74	,	8.05	,	3.703	,	7.177777778
0.36	,	49	,	1025.39	,	4.4275	,	9.982	,	25.99444444
0.71	,	160	,	1017.17	,	22.8781	,	16.1	,	4.772222222
0.65	,	312	,	1011.33	,	11.4793	,	11.2056	,	6.038888889
0.51	,	9	,	1016.42	,	23.2323	,	10.5777	,	22.25555556
0.82	,	210	,	0	,	12.88	,	8.05	,	7.827777778
0.85	,	10	,	1021.84	,	20.0767	,	11.9784	,	-1.205555556
1	,	148	,	1032.61	,	4.83	,	1.2397	,	3.838888889
0.93	,	319	,	1002.12	,	14.1358	,	6.3434	,	11.13888889
1	,	0	,	1007.5	,	0	,	1.449	,	15
0.33	,	311	,	1013.48	,	26.7099	,	16.1	,	16.11111111
0.86	,	50	,	1009.01	,	11.0446	,	16.0517	,	11.68888889
0.87	,	160	,	1017.48	,	14.0231	,	7.7763	,	12.06666667
0.83	,	340	,	1017.52	,	10.465	,	15.1501	,	17.57777778
0.29	,	305	,	1017.74	,	10.1752	,	10.3684	,	29.98333333
0.46	,	329	,	1014.4	,	14.0875	,	10.0464	,	19.76666667
0.93	,	242	,	1017.79	,	10.7709	,	9.982	,	7.277777778
0.87	,	330	,	1015.4	,	6.44	,	16.1	,	18.88888889
0.63	,	171	,	1010.82	,	21.3486	,	9.982	,	10.02777778
0.61	,	0	,	1016.6	,	0	,	16.1	,	12.77777778
0.52	,	220	,	1019.9	,	14.49	,	11.27	,	16.11111111
0.9	,	95	,	1015.75	,	2.8175	,	15.1823	,	15.06666667
0.91	,	21	,	1010.35	,	35.8547	,	1.0626	,	-2.8
0.44	,	40	,	1030.1	,	3.22	,	16.1	,	2.777777778
0.64	,	22	,	1019.03	,	13.4596	,	11.0768	,	18.98333333
0.56	,	125	,	1020.96	,	8.372	,	10.3523	,	24.67222222
0.87	,	244	,	1025.3	,	11.8013	,	10.0303	,	7.127777778
0.53	,	141	,	1024.51	,	15.6492	,	16.1	,	19.90555556
0.86	,	216	,	1020.14	,	6.2951	,	15.8263	,	7.966666667
0.87	,	220	,	1011.63	,	2.4472	,	9.982	,	16.58333333
0.57	,	281	,	1011.79	,	21.4291	,	11.4471	,	22.23888889
0.4	,	0	,	1017.48	,	10.7065	,	9.982	,	29.88333333
0.72	,	90	,	1008.25	,	9.4346	,	9.982	,	12.93333333
0.78	,	167	,	1009.78	,	0.3703	,	11.0768	,	20.05
0.43	,	30	,	1018.67	,	19.6742	,	16.1	,	21.06666667
0.55	,	0	,	1013.78	,	10.626	,	15.8263	,	28.95555556
0.75	,	271	,	1016.08	,	16.8889	,	11.8013	,	1.644444444
0.36	,	168	,	1021.36	,	12.7995	,	9.982	,	28.96111111
0.51	,	190	,	1011.74	,	15.5365	,	16.1	,	17.28888889
0.88	,	275	,	1015.15	,	5.5867	,	15.1823	,	17.21666667
0.35	,	282	,	1014.98	,	11.9301	,	10.3523	,	21.12222222
0.97	,	352	,	1016.95	,	9.0965	,	1.5456	,	-2.233333333
0.93	,	255	,	1024.42	,	3.6547	,	16.1	,	10.65
0.79	,	357	,	1005.29	,	1.9803	,	10.2235	,	13.26666667
0.85	,	122	,	1016.49	,	9.0804	,	4.5885	,	2.244444444
0.29	,	20	,	1020.32	,	16.9211	,	9.982	,	28.83888889
0.48	,	70	,	1026.3	,	20.0123	,	9.982	,	6.038888889
0.9	,	273	,	1016.52	,	3.864	,	14.7154	,	8.433333333
0.95	,	290	,	1016.87	,	3.3649	,	15.8263	,	15.49444444
0.81	,	191	,	1012.26	,	10.9963	,	16.1	,	19.38333333
0.92	,	313	,	1005.09	,	18.9175	,	6.8425	,	5.572222222
0.69	,	70	,	1021.14	,	12.6868	,	15.8263	,	-5.166666667
0.36	,	155	,	1021.94	,	2.4955	,	10.3523	,	24.03888889
0.83	,	186	,	1019.29	,	12.397	,	9.0482	,	3.05
0.88	,	119	,	1011.09	,	10.8192	,	14.5866	,	20.41666667
0.6	,	159	,	1019.83	,	33.6329	,	9.9015	,	16.99444444
0.77	,	272	,	0	,	14.9408	,	9.982	,	8.888888889
0.53	,	177	,	1019.46	,	8.211	,	10.2557	,	17.24444444
0.32	,	149	,	1007.9	,	7.5831	,	16.1	,	33.93333333
0.72	,	320	,	1016.3	,	11.27	,	16.1	,	12.77777778
0.69	,	299	,	1024.67	,	20.4148	,	16.1	,	8.288888889
0.92	,	45	,	1006.97	,	7.3899	,	2.9141	,	-4.916666667
0.88	,	24	,	1022.56	,	4.8944	,	6.3434	,	2.755555556
0.96	,	322	,	993.92	,	6.2146	,	3.2039	,	6.088888889
0.9	,	324	,	1016.11	,	9.8854	,	14.168	,	11.9
0.65	,	1	,	1018.35	,	5.0715	,	9.982	,	13.66666667
0.67	,	247	,	1024.69	,	3.1234	,	16.1	,	6.383333333
0.75	,	348	,	1015.51	,	6.2951	,	14.9569	,	10.45555556
0.91	,	159	,	1033.24	,	1.5778	,	2.6082	,	-0.522222222
0.33	,	192	,	1005.76	,	5.3774	,	9.982	,	31.13888889
0.66	,	122	,	1028.11	,	3.8801	,	11.3183	,	12.15
0.88	,	309	,	1018.18	,	12.7351	,	11.0768	,	-2.222222222
0.87	,	287	,	1027.52	,	2.7048	,	9.982	,	5.911111111
0.64	,	192	,	1016.09	,	6.2951	,	15.8263	,	8.388888889
0.96	,	163	,	1005.27	,	7.4543	,	6.1985	,	12.77777778
0.83	,	329	,	1023.51	,	11.0124	,	11.6886	,	0.872222222
0.41	,	121	,	1011.3	,	10.6099	,	15.8263	,	24.88333333
0.59	,	333	,	1020.84	,	1.9481	,	9.982	,	22.10555556
0.69	,	293	,	1016.26	,	8.1466	,	16.1	,	23.81666667
0.95	,	62	,	1023.2	,	9.9015	,	6.2951	,	7.755555556
0.35	,	222	,	1015.23	,	9.7244	,	15.5526	,	24.12222222
0.57	,	321	,	1014.61	,	1.61	,	9.982	,	22.77777778
0.68	,	98	,	1012.39	,	5.6189	,	15.8263	,	17.73333333
0.93	,	87	,	1015.1	,	1.9481	,	9.6761	,	6.177777778
0.3	,	140	,	1012.5	,	45.08	,	9.982	,	18.88888889
0.34	,	174	,	1017.01	,	9.6761	,	9.982	,	31.34444444
0.8	,	309	,	1021	,	6.3917	,	15.8263	,	17.93333333
0.57	,	139	,	1012.75	,	10.8353	,	15.8263	,	20.28333333
0.56	,	330	,	1012.54	,	28.6902	,	11.2056	,	3.938888889
0.43	,	210	,	1012.85	,	12.7029	,	16.1	,	22.17777778
0.74	,	307	,	1014.14	,	5.1037	,	9.982	,	24.85555556
0.81	,	350	,	1020.3	,	17.71	,	0	,	-2.222222222
0.48	,	126	,	1018.97	,	7.7441	,	9.982	,	23.91111111
0.85	,	190	,	1020.83	,	13.4274	,	8.0339	,	1.55
0.64	,	330	,	1014.99	,	13.4274	,	9.982	,	-1.255555556
0.69	,	60	,	1015.7	,	8.05	,	11.27	,	12.77777778
0.8	,	310	,	1009.49	,	14.7637	,	15.8746	,	12.71111111
0.89	,	158	,	1010.92	,	17.2431	,	11.8979	,	7.3
0.94	,	43	,	1007.4	,	14.2646	,	11.3988	,	18.31666667
0.79	,	176	,	1020.3	,	7.5831	,	6.9069	,	8.627777778
1	,	129	,	1018.48	,	7.7602	,	4.3309	,	7.066666667
0.8	,	158	,	1020.47	,	11.0768	,	9.982	,	2.166666667
1	,	109	,	1021.68	,	10.8192	,	0.7567	,	-0.672222222
0.74	,	259	,	1013.52	,	16.6957	,	15.1823	,	5.605555556
0.4	,	62	,	1014.44	,	9.3702	,	9.982	,	24.9
1	,	170	,	1007.6	,	13.6528	,	3.4615	,	8.311111111
0.36	,	9	,	1013.73	,	9.5795	,	16.1	,	28.86111111
0.4	,	1	,	1015.28	,	15.8424	,	15.3111	,	29.82777778
0.86	,	150	,	1017.92	,	20.6241	,	9.7566	,	-0.116666667
0.96	,	250	,	1017.23	,	9.6117	,	8.05	,	12.64444444
0.39	,	189	,	1025.7	,	2.5277	,	9.982	,	22.75
0.83	,	349	,	1015.32	,	6.3756	,	15.5204	,	12.88333333
0.77	,	141	,	1022.66	,	20.0445	,	16.0517	,	2.666666667
0.3	,	319	,	1011.96	,	20.8012	,	9.982	,	26.91666667
0.93	,	39	,	1021.82	,	3.2039	,	14.6832	,	9.372222222
0.87	,	219	,	1009.27	,	3.2039	,	9.982	,	15.12222222
1	,	170	,	1006.47	,	12.3004	,	3.8801	,	7.822222222
0.26	,	210	,	1013.11	,	23.9568	,	9.982	,	34.81666667
1	,	221	,	1005.55	,	10.8836	,	9.0643	,	14.90555556
0.52	,	144	,	1015.93	,	11.3666	,	11.3988	,	32.09444444
0.37	,	315	,	1012	,	7.889	,	10.3684	,	25.90555556
0.79	,	15	,	1019.31	,	10.8192	,	14.4095	,	14.02777778
0.9	,	312	,	1013.98	,	22.8781	,	14.3934	,	5.4
0.92	,	223	,	1013.81	,	7.9212	,	7.2128	,	6.255555556
0.66	,	220	,	1017.51	,	17.2592	,	15.8746	,	6.111111111
0.76	,	13	,	1011.36	,	5.4257	,	15.0052	,	21.27777778
0.24	,	152	,	1007.65	,	16.5991	,	10.3523	,	28.73888889
0.86	,	203	,	1028.49	,	8.7101	,	2.9302	,	1.083333333
0.73	,	237	,	1014.13	,	4.7173	,	15.8263	,	22.8
0.93	,	321	,	1017.2	,	9.3702	,	6.0214	,	4.794444444
0.7	,	290	,	1022.53	,	24.955	,	11.27	,	2.15
0.9	,	189	,	1020.74	,	2.9785	,	9.6278	,	12.70555556
0.93	,	100	,	0	,	9.66	,	4.9105	,	16.11111111
0.65	,	132	,	1015.52	,	3.3327	,	15.8263	,	24.35555556
0.66	,	20	,	1032.2	,	3.22	,	7.084	,	-2.222222222
0.3	,	158	,	1011.78	,	11.3827	,	9.982	,	32.8
0.62	,	323	,	1020.94	,	7.0357	,	15.5526	,	20.24444444
0.7	,	269	,	1011.82	,	13.4596	,	11.4471	,	13.05555556
0.77	,	151	,	1018.62	,	18.3379	,	15.1501	,	2.611111111
0.84	,	187	,	1007.51	,	9.3219	,	10.8836	,	9.711111111
0.38	,	150	,	1014.82	,	20.7529	,	15.5526	,	25.78333333
0.78	,	263	,	1025.85	,	7.9856	,	9.982	,	1.111111111
0.92	,	194	,	1022.64	,	10.8353	,	4.8783	,	2.733333333
0.96	,	330	,	1018.29	,	3.5259	,	9.982	,	2.583333333
0.92	,	233	,	1018.58	,	6.5527	,	6.118	,	1.138888889
0.92	,	334	,	1013	,	7.6475	,	3.4937	,	-8.711111111
1	,	35	,	1008.33	,	1.5295	,	5.1359	,	11
0.3	,	179	,	1006.72	,	24.9389	,	9.982	,	35.95555556
0.49	,	200	,	1005.7	,	14.49	,	9.982	,	12.77777778
0.8	,	329	,	1023.39	,	6.4883	,	15.7297	,	3.755555556
0.43	,	358	,	1014.05	,	15.5365	,	10.0464	,	28.83888889
0.44	,	340	,	1014.4	,	17.71	,	11.27	,	22.77777778
0.46	,	342	,	1030.9	,	7.3094	,	16.1	,	8.888888889
0.89	,	350	,	1020.45	,	6.44	,	6.2951	,	10.53333333
0.65	,	117	,	1011.91	,	3.4293	,	15.8263	,	20.53333333
0.42	,	96	,	1024.47	,	7.889	,	10.3523	,	21.08333333
0.92	,	0	,	1030.59	,	0	,	6.0214	,	-1.616666667
0.95	,	9	,	1003.58	,	6.923	,	14.7315	,	9.416666667
0.86	,	322	,	1018.13	,	20.608	,	6.2951	,	6.094444444
0.85	,	261	,	1018.47	,	11.3827	,	6.2951	,	3.294444444
0.77	,	102	,	997.98	,	7.9373	,	11.27	,	10.99444444
0.31	,	284	,	1018.44	,	16.1322	,	9.982	,	26.06111111
0.84	,	19	,	1025.11	,	2.9463	,	7.2128	,	8.777777778
0.99	,	321	,	1019.67	,	4.6046	,	3.3327	,	15.02777778
0.59	,	41	,	1017.31	,	12.4614	,	9.982	,	25.97222222
0.68	,	188	,	1016.68	,	2.6887	,	9.982	,	19.76666667
0.44	,	24	,	1018.82	,	15.3916	,	10.3523	,	24.73333333
0.84	,	321	,	1029.29	,	6.4078	,	10.0464	,	-6.455555556
0.78	,	189	,	1017.59	,	13.7977	,	15.8746	,	5.166666667
0.75	,	21	,	1015.93	,	12.6224	,	9.982	,	21.91666667
0.96	,	270	,	1019.37	,	3.0751	,	8.1305	,	10.05
0.57	,	250	,	1015.1	,	8.05	,	9.982	,	21.11111111
0.96	,	123	,	1032.19	,	6.2629	,	0.161	,	1.694444444
0.96	,	358	,	1014.15	,	3.3488	,	6.5688	,	16.66666667
0.93	,	208	,	1012.7	,	7.4865	,	10.9802	,	13.91666667
0.81	,	120	,	1017	,	3.22	,	9.8049	,	12.17222222
0.75	,	114	,	1018.31	,	6.2629	,	15.1823	,	14.79444444
0.64	,	19	,	1022.96	,	12.2521	,	16.1	,	27.22222222
0.65	,	248	,	1016.05	,	4.9427	,	10.3523	,	25.46111111
0.93	,	342	,	1021.11	,	10.7387	,	8.5008	,	18.85555556
0.46	,	269	,	1023.47	,	27.2734	,	10.3684	,	17.72777778
0.77	,	271	,	1012.49	,	32.9406	,	9.982	,	5.994444444
0.99	,	202	,	1023.47	,	3.3488	,	4.3953	,	0
0.92	,	192	,	1006.34	,	11.1573	,	9.982	,	4.627777778
0.78	,	147	,	1025.18	,	10.4489	,	15.1823	,	9.033333333
0.89	,	110	,	1005.1	,	8.05	,	7.084	,	2.777777778
0.68	,	122	,	1020.29	,	8.1627	,	11.3988	,	5.327777778
0.86	,	60	,	1020.42	,	2.4955	,	14.9569	,	9.716666667
0.46	,	59	,	1016.94	,	12.6224	,	9.982	,	21.08333333
0.73	,	1	,	1023.68	,	10.0303	,	11.2056	,	12.66666667
0.87	,	150	,	996.92	,	12.6546	,	10.948	,	6.038888889
0.86	,	342	,	1040.58	,	3.6225	,	3.8157	,	-3.872222222
0.74	,	160	,	1012.48	,	6.2951	,	16.1	,	25.46666667
0.77	,	297	,	1014.02	,	22.3629	,	15.1823	,	5.594444444
0.65	,	329	,	1013.14	,	16.1322	,	10.2557	,	18.81111111
0.47	,	159	,	1023.26	,	9.7083	,	9.982	,	27.22222222
0.71	,	293	,	1019.55	,	6.5688	,	15.8263	,	8.827777778
0.53	,	274	,	999.64	,	18.3057	,	10.3523	,	24.85555556
0.92	,	10	,	1028.43	,	10.7387	,	4.025	,	-2.8
0.67	,	140	,	1019.08	,	13.8943	,	15.8263	,	12.10555556
0.33	,	277	,	1020.25	,	13.7011	,	10.3523	,	17.82777778
0.86	,	350	,	1023.5	,	7.7763	,	6.0214	,	-0.05
0.83	,	162	,	1002.89	,	16.4542	,	10.3684	,	8.783333333
0.89	,	230	,	1010.67	,	12.3326	,	7.2772	,	13.95
0.45	,	21	,	1016.83	,	23.3933	,	9.982	,	7.161111111
0.89	,	170	,	1024.13	,	13.8138	,	6.8264	,	-1.711111111
0.6	,	203	,	1015.49	,	5.0071	,	9.982	,	13.17777778
0.73	,	140	,	0	,	20.7851	,	10.0464	,	17.25
0.67	,	292	,	1009.83	,	12.7834	,	11.27	,	16.11666667
0.37	,	189	,	1007.91	,	16.6474	,	10.3523	,	28.66666667
0.55	,	116	,	1015.25	,	10.9319	,	15.8263	,	19.28333333
0.96	,	321	,	1015.26	,	3.2039	,	14.9086	,	15.05
0.83	,	136	,	1023.9	,	14.3612	,	5.957	,	2.666666667
0.86	,	160	,	1010.55	,	19.9157	,	14.812	,	4.377777778
0.93	,	181	,	0	,	14.1519	,	4.2021	,	5.1
0.68	,	6	,	1018.06	,	16.0034	,	11.0768	,	21.17222222
0.92	,	323	,	1020.15	,	11.3183	,	14.8764	,	7.005555556
0.83	,	130	,	1017.82	,	13.8943	,	9.982	,	4.911111111
0.83	,	170	,	1005.9	,	14.49	,	15.134	,	7.777777778
0.27	,	140	,	1012.81	,	15.295	,	16.1	,	36.08333333
0.54	,	310	,	1012.4	,	28.98	,	11.27	,	8.888888889
0.53	,	140	,	1017.9	,	3.5259	,	9.8371	,	14.57777778
0.79	,	350	,	1022.83	,	9.0643	,	6.2951	,	2.338888889
0.52	,	111	,	1017.6	,	10.6099	,	16.1	,	19.8
0.53	,	339	,	1012.83	,	23.2162	,	11.2056	,	22.17777778
0.57	,	334	,	1016.84	,	3.4132	,	9.982	,	16
